{
  "updated": "2026-05-15T16:21:38+09:00",
  "window_days": 30,
  "thresholds": {
    "pair_watch": 0.7,
    "pair_alert": 0.85,
    "cluster_weight_pct": 30.0
  },
  "portfolios": {
    "삼성 트루밸류 / NH Value ESG / DB 개방형": {
      "window_days": 30,
      "date_range": [
        "2026-04-01",
        "2026-05-14"
      ],
      "stock_count": 16,
      "missing_codes": [],
      "stocks": [
        {
          "code": "005930",
          "name": "삼성전자",
          "weight": 30
        },
        {
          "code": "000660",
          "name": "SK하이닉스",
          "weight": 22
        },
        {
          "code": "000150",
          "name": "두산",
          "weight": 5
        },
        {
          "code": "042660",
          "name": "한화오션",
          "weight": 5
        },
        {
          "code": "295310",
          "name": "에이치브이엠",
          "weight": 5
        },
        {
          "code": "034020",
          "name": "두산에너빌리티",
          "weight": 3
        },
        {
          "code": "006800",
          "name": "미래에셋증권",
          "weight": 3
        },
        {
          "code": "001040",
          "name": "CJ",
          "weight": 3
        },
        {
          "code": "007660",
          "name": "이수페타시스",
          "weight": 3
        },
        {
          "code": "020000",
          "name": "한섬",
          "weight": 3
        },
        {
          "code": "171090",
          "name": "선익시스템",
          "weight": 3
        },
        {
          "code": "267270",
          "name": "HD건설기계",
          "weight": 3
        },
        {
          "code": "032830",
          "name": "삼성생명",
          "weight": 3
        },
        {
          "code": "006730",
          "name": "서부T&D",
          "weight": 2
        },
        {
          "code": "082740",
          "name": "한화엔진",
          "weight": 2
        },
        {
          "code": "003230",
          "name": "삼양식품",
          "weight": 2
        }
      ],
      "matrix": [
        [
          1.0,
          0.7941,
          0.4646,
          0.5009,
          0.4464,
          0.4566,
          0.7621,
          0.3054,
          0.2599,
          0.096,
          0.1323,
          0.4805,
          0.8588,
          0.2252,
          -0.0173,
          0.1188
        ],
        [
          0.7941,
          1.0,
          0.5575,
          0.5928,
          0.4897,
          0.3633,
          0.6996,
          0.192,
          0.3719,
          -0.0625,
          0.1253,
          0.4595,
          0.7006,
          0.1037,
          0.0355,
          -0.1008
        ],
        [
          0.4646,
          0.5575,
          1.0,
          0.5051,
          0.2667,
          0.5093,
          0.6304,
          0.4207,
          0.5802,
          0.1237,
          0.2196,
          0.5749,
          0.4466,
          0.2627,
          0.2133,
          -0.0045
        ],
        [
          0.5009,
          0.5928,
          0.5051,
          1.0,
          0.5397,
          0.6328,
          0.4195,
          0.5403,
          0.4861,
          0.161,
          0.3235,
          0.5179,
          0.3161,
          0.3385,
          0.303,
          0.0966
        ],
        [
          0.4464,
          0.4897,
          0.2667,
          0.5397,
          1.0,
          0.1757,
          0.4058,
          0.3688,
          0.254,
          0.241,
          0.0715,
          0.3984,
          0.2935,
          0.2032,
          0.1334,
          0.3044
        ],
        [
          0.4566,
          0.3633,
          0.5093,
          0.6328,
          0.1757,
          1.0,
          0.2334,
          0.6003,
          0.2688,
          0.0537,
          0.3849,
          0.694,
          0.3074,
          0.2628,
          0.2862,
          0.0914
        ],
        [
          0.7621,
          0.6996,
          0.6304,
          0.4195,
          0.4058,
          0.2334,
          1.0,
          0.1528,
          0.3673,
          0.1486,
          0.0554,
          0.3375,
          0.7163,
          0.158,
          0.034,
          0.0228
        ],
        [
          0.3054,
          0.192,
          0.4207,
          0.5403,
          0.3688,
          0.6003,
          0.1528,
          1.0,
          0.1676,
          0.4942,
          0.3984,
          0.445,
          0.2647,
          0.5702,
          0.1503,
          0.604
        ],
        [
          0.2599,
          0.3719,
          0.5802,
          0.4861,
          0.254,
          0.2688,
          0.3673,
          0.1676,
          1.0,
          0.1441,
          0.1584,
          0.4277,
          0.1421,
          0.1982,
          0.264,
          0.0931
        ],
        [
          0.096,
          -0.0625,
          0.1237,
          0.161,
          0.241,
          0.0537,
          0.1486,
          0.4942,
          0.1441,
          1.0,
          0.4678,
          0.1147,
          0.1311,
          0.6735,
          0.0286,
          0.6696
        ],
        [
          0.1323,
          0.1253,
          0.2196,
          0.3235,
          0.0715,
          0.3849,
          0.0554,
          0.3984,
          0.1584,
          0.4678,
          1.0,
          0.3547,
          0.1561,
          0.3607,
          0.2172,
          0.3264
        ],
        [
          0.4805,
          0.4595,
          0.5749,
          0.5179,
          0.3984,
          0.694,
          0.3375,
          0.445,
          0.4277,
          0.1147,
          0.3547,
          1.0,
          0.2762,
          0.3312,
          0.4409,
          0.0794
        ],
        [
          0.8588,
          0.7006,
          0.4466,
          0.3161,
          0.2935,
          0.3074,
          0.7163,
          0.2647,
          0.1421,
          0.1311,
          0.1561,
          0.2762,
          1.0,
          0.225,
          -0.1365,
          0.1858
        ],
        [
          0.2252,
          0.1037,
          0.2627,
          0.3385,
          0.2032,
          0.2628,
          0.158,
          0.5702,
          0.1982,
          0.6735,
          0.3607,
          0.3312,
          0.225,
          1.0,
          0.3528,
          0.3905
        ],
        [
          -0.0173,
          0.0355,
          0.2133,
          0.303,
          0.1334,
          0.2862,
          0.034,
          0.1503,
          0.264,
          0.0286,
          0.2172,
          0.4409,
          -0.1365,
          0.3528,
          1.0,
          -0.1522
        ],
        [
          0.1188,
          -0.1008,
          -0.0045,
          0.0966,
          0.3044,
          0.0914,
          0.0228,
          0.604,
          0.0931,
          0.6696,
          0.3264,
          0.0794,
          0.1858,
          0.3905,
          -0.1522,
          1.0
        ]
      ],
      "codes_order": [
        "005930",
        "000660",
        "000150",
        "042660",
        "295310",
        "034020",
        "006800",
        "001040",
        "007660",
        "020000",
        "171090",
        "267270",
        "032830",
        "006730",
        "082740",
        "003230"
      ],
      "pairs": [
        {
          "a": "005930",
          "a_name": "삼성전자",
          "a_weight": 30,
          "b": "032830",
          "b_name": "삼성생명",
          "b_weight": 3,
          "corr": 0.8588,
          "level": "경고"
        },
        {
          "a": "005930",
          "a_name": "삼성전자",
          "a_weight": 30,
          "b": "000660",
          "b_name": "SK하이닉스",
          "b_weight": 22,
          "corr": 0.7941,
          "level": "주의"
        },
        {
          "a": "005930",
          "a_name": "삼성전자",
          "a_weight": 30,
          "b": "006800",
          "b_name": "미래에셋증권",
          "b_weight": 3,
          "corr": 0.7621,
          "level": "주의"
        },
        {
          "a": "006800",
          "a_name": "미래에셋증권",
          "a_weight": 3,
          "b": "032830",
          "b_name": "삼성생명",
          "b_weight": 3,
          "corr": 0.7163,
          "level": "주의"
        },
        {
          "a": "000660",
          "a_name": "SK하이닉스",
          "a_weight": 22,
          "b": "032830",
          "b_name": "삼성생명",
          "b_weight": 3,
          "corr": 0.7006,
          "level": "주의"
        }
      ],
      "clusters": [
        {
          "members": [
            {
              "code": "005930",
              "name": "삼성전자",
              "weight": 30
            },
            {
              "code": "000660",
              "name": "SK하이닉스",
              "weight": 22
            },
            {
              "code": "006800",
              "name": "미래에셋증권",
              "weight": 3
            },
            {
              "code": "032830",
              "name": "삼성생명",
              "weight": 3
            }
          ],
          "weight_sum": 58,
          "avg_corr": 0.7552,
          "is_concentration_risk": true
        }
      ],
      "summary": {
        "pair_watch_count": 4,
        "pair_alert_count": 1,
        "concentration_clusters": 1
      }
    },
    "NH 목표전환형 3호": {
      "window_days": 30,
      "date_range": [
        "2026-04-01",
        "2026-05-14"
      ],
      "stock_count": 9,
      "missing_codes": [],
      "stocks": [
        {
          "code": "005930",
          "name": "삼성전자",
          "weight": 30
        },
        {
          "code": "000660",
          "name": "SK하이닉스",
          "weight": 10
        },
        {
          "code": "032830",
          "name": "삼성생명",
          "weight": 5
        },
        {
          "code": "028260",
          "name": "삼성물산",
          "weight": 5
        },
        {
          "code": "295310",
          "name": "에이치브이엠",
          "weight": 5
        },
        {
          "code": "267250",
          "name": "HD현대",
          "weight": 3
        },
        {
          "code": "003230",
          "name": "삼양식품",
          "weight": 3
        },
        {
          "code": "082740",
          "name": "한화엔진",
          "weight": 3
        },
        {
          "code": "020000",
          "name": "한섬",
          "weight": 3
        }
      ],
      "matrix": [
        [
          1.0,
          0.7941,
          0.8588,
          0.8359,
          0.4464,
          0.0069,
          0.1188,
          -0.0173,
          0.096
        ],
        [
          0.7941,
          1.0,
          0.7006,
          0.7163,
          0.4897,
          0.0782,
          -0.1008,
          0.0355,
          -0.0625
        ],
        [
          0.8588,
          0.7006,
          1.0,
          0.7785,
          0.2935,
          -0.1654,
          0.1858,
          -0.1365,
          0.1311
        ],
        [
          0.8359,
          0.7163,
          0.7785,
          1.0,
          0.3307,
          -0.0101,
          -0.0137,
          -0.1655,
          -0.0662
        ],
        [
          0.4464,
          0.4897,
          0.2935,
          0.3307,
          1.0,
          0.2454,
          0.3044,
          0.1334,
          0.241
        ],
        [
          0.0069,
          0.0782,
          -0.1654,
          -0.0101,
          0.2454,
          1.0,
          -0.1083,
          0.3895,
          0.0703
        ],
        [
          0.1188,
          -0.1008,
          0.1858,
          -0.0137,
          0.3044,
          -0.1083,
          1.0,
          -0.1522,
          0.6696
        ],
        [
          -0.0173,
          0.0355,
          -0.1365,
          -0.1655,
          0.1334,
          0.3895,
          -0.1522,
          1.0,
          0.0286
        ],
        [
          0.096,
          -0.0625,
          0.1311,
          -0.0662,
          0.241,
          0.0703,
          0.6696,
          0.0286,
          1.0
        ]
      ],
      "codes_order": [
        "005930",
        "000660",
        "032830",
        "028260",
        "295310",
        "267250",
        "003230",
        "082740",
        "020000"
      ],
      "pairs": [
        {
          "a": "005930",
          "a_name": "삼성전자",
          "a_weight": 30,
          "b": "032830",
          "b_name": "삼성생명",
          "b_weight": 5,
          "corr": 0.8588,
          "level": "경고"
        },
        {
          "a": "005930",
          "a_name": "삼성전자",
          "a_weight": 30,
          "b": "028260",
          "b_name": "삼성물산",
          "b_weight": 5,
          "corr": 0.8359,
          "level": "주의"
        },
        {
          "a": "005930",
          "a_name": "삼성전자",
          "a_weight": 30,
          "b": "000660",
          "b_name": "SK하이닉스",
          "b_weight": 10,
          "corr": 0.7941,
          "level": "주의"
        },
        {
          "a": "032830",
          "a_name": "삼성생명",
          "a_weight": 5,
          "b": "028260",
          "b_name": "삼성물산",
          "b_weight": 5,
          "corr": 0.7785,
          "level": "주의"
        },
        {
          "a": "000660",
          "a_name": "SK하이닉스",
          "a_weight": 10,
          "b": "028260",
          "b_name": "삼성물산",
          "b_weight": 5,
          "corr": 0.7163,
          "level": "주의"
        },
        {
          "a": "000660",
          "a_name": "SK하이닉스",
          "a_weight": 10,
          "b": "032830",
          "b_name": "삼성생명",
          "b_weight": 5,
          "corr": 0.7006,
          "level": "주의"
        }
      ],
      "clusters": [
        {
          "members": [
            {
              "code": "005930",
              "name": "삼성전자",
              "weight": 30
            },
            {
              "code": "000660",
              "name": "SK하이닉스",
              "weight": 10
            },
            {
              "code": "032830",
              "name": "삼성생명",
              "weight": 5
            },
            {
              "code": "028260",
              "name": "삼성물산",
              "weight": 5
            }
          ],
          "weight_sum": 50,
          "avg_corr": 0.7807,
          "is_concentration_risk": true
        }
      ],
      "summary": {
        "pair_watch_count": 5,
        "pair_alert_count": 1,
        "concentration_clusters": 1
      }
    }
  }
}